nprocs = 4
rank = 0
step = 1489
fx = 0.0006621865363111289
x1 = 0.9768066394414796
x2 = 0.9530365155518908
