fx = 5.870697010213283e-08
X1 = 0.498650640494334
X2 = 0.9822705097865176
X3 = 1.4991812067698258
Y3 = 1.4907709351352652
Z1 = 5.398695624404391
Z2 = 4.799987213886201
Z3 = 3.7972188118825647
Z4 = 2.0996559741875735
Z5 = 1.9977261612753727
