nprocs = 4
rank = 1
step = 282
walker = 0
fx = 0.008415217647192712
z1 = 5.164773671165013
z2 = 4.226467514644945
