fx = 0.000106
z1 = -2.351035891479114e-05
z2 = 0.025129315870799473
