rank = 2
step = 9381
fx = 0.0002303578693797668
x[0] = 1.0049879035880003
x[1] = 1.0085672335784563
