fx = 9.684683478274124e-08
X1 = 0.49970406829335623
X2 = 0.9796143149174499
X3 = 1.500705963094981
Y3 = 1.4926927133991343
Z1 = 5.400986081124994
Z2 = 4.802368383158388
Z3 = 3.7993453437242017
Z4 = 2.0993664537497496
Z5 = 2.0001418106152284
