fx = 7.382680568652868e-06
z1 = 5.230524973874179
z2 = 4.370622919269477
z3 = 3.5961444501081647
