nprocs = 3
rank = 1
step = 4771
fx = 1.0051992154349547
x1 = 0.6302282749577863
x2 = 0.7940287412707836
x3 = -0.6575919329642448
