nprocs = 10
rank = 1
step = 4065
fx = 1.0051110973502646
x1 = 0.6274911052910771
x2 = 0.8021818390209022
x3 = 0.5152533114367623
