nprocs = 1
rank = 0
step = 3044
fx = 1.0051450824983688
x1 = 0.6270802992968791
x2 = 0.8029318032809379
x3 = 0.5133005966820392
