nprocs = 10
rank = 1
step = 3136
fx = 1.005168654593255
x1 = 0.6279109028830523
x2 = 0.8046779665971818
x3 = -0.6587660008195612
