fx = 0.1575
z1 = -0.01910402104258537
z2 = 0.10217590294778345
