nprocs = 4
rank = 1
step = 282
fx = 0.008414801774434962
z1 = 5.164773671165013
z2 = 4.226467514644945
