nprocs = 4
rank = 2
step = 65
fx = 0.008233957976993406
z1 = 4.221129370933539
z2 = 5.139591716517661
