nprocs = 4
rank = 1
step = 23
fx = 0.00871991555991952
x[0] = 5.139861597539109
x[1] = 4.242156450395541
